t	v	dv
6.131382452665800134e-03 -1.510867208762025271e+01 7.740601612667431297e+00
8.565986062517388921e-02 1.076533707075423507e+01 6.404710602250222706e+00
3.310278203317150725e-01 -1.686407267224137030e+00 4.576715932758633087e+00
1.009734626966798610e+00 -4.347859332969171930e+00 8.929865158568011552e+00
1.089291149404639780e+00 8.180814651471482790e+00 5.442937508826960702e+00
1.174669541452860955e+00 -4.868882514505357584e+00 7.077399793399958838e+00
1.250951126076139008e+00 9.598611144380942761e+00 4.207910015111073321e+00
1.339214064034753848e+00 7.042387015399905081e+00 4.366830472998432633e+00
2.082705900360510842e+00 -1.146731112342731329e+01 4.419353292025238744e+00
2.165926049515880969e+00 2.862396303652864127e+00 8.355340753376999885e+00
2.241905462808055471e+00 1.346799863904353245e+00 5.719826021406023031e+00
2.341210448948220169e+00 -2.326686492773553994e+01 8.668405456488150307e+00
2.414817812721582246e+00 -6.817503726665803399e-01 5.451378685928737866e+00
3.341311016710234671e+00 -3.896190706851050400e+00 9.077982872331713082e+00
3.408130767338535705e+00 -2.384511525639132046e+00 6.194452835010641145e+00
4.000636934681475410e+00 -7.027231064994190035e+00 7.698991619543096299e+00
4.156616146070827966e+00 -9.623040223178655594e+00 8.745709592005532329e+00
4.249195329200599502e+00 -2.423204480844038500e+00 3.361390224000176730e+00
4.324304129407352981e+00 -9.934870964793267589e-01 7.627180871828898034e+00
4.411676550574802569e+00 8.628527110293278568e+00 3.314575187226851405e+00
5.176187248862568424e+00 -3.306040246334442934e+00 6.965042397210954306e+00
5.259943634623598818e+00 5.067998274834163652e+00 6.970281319058383218e+00
5.416394435066077762e+00 -1.774935416185370229e+01 9.372278769209604121e+00
6.075190098234439340e+00 2.639168280645401410e+01 5.319656056908264041e+00
6.258774494519715681e+00 -6.377799297021308433e+00 7.091066167049721258e+00
6.340348155923501317e+00 7.508676659918310570e+00 2.604271641306963314e+00
6.413075658157992187e+00 4.776336933928038597e+00 6.023144221364164608e+00
7.074577970933365378e+00 1.023629097191565407e+01 9.950259881798874773e+00
7.255148951867123053e+00 8.854363540766387430e+00 2.577324322734545703e+00
7.331665728430115436e+00 1.902225209401157002e+01 5.170221743176554696e+00
7.419559085754135808e+00 -3.965411986274586909e+00 8.708359567424384551e+00
8.000456252854956318e+00 9.072349394518223420e+00 5.637389533764435967e+00
8.078544809951509365e+00 1.291782849881079898e+01 5.054257932019297073e+00
8.245586957580645304e+00 1.597713146697874187e+01 8.967433242624005985e+00
8.408887326089613978e+00 2.539314569876094652e+01 9.372548438753963040e+00
8.491844201851067808e+00 2.050939451932898905e+01 8.038820498763429967e+00
9.089457897498292027e+00 1.490715649280197574e+01 2.510700084222976525e+00
9.161044292389767918e+00 1.583381852483024410e+01 2.882312353075015210e+00
9.259168029185259385e+00 -1.924196958747963748e+01 9.895542183284005588e+00
9.421502681020502479e+00 1.374999590129238136e+01 3.437267543455560848e+00
9.493602765591132808e+00 7.418523248988448948e+00 4.025697629728453464e+00
1.000109134372690001e+01 1.243771948538661576e+00 9.347727986777872644e+00
1.007924662787521619e+01 -8.778472609288771267e+00 8.462743056543995834e+00
1.015830621923904964e+01 -5.195694114816798326e+00 4.642789282912073823e+00
1.040682467048863913e+01 2.232061008974031591e+00 3.715861298694107528e+00
1.100535466064411949e+01 -1.704227470968479352e+01 5.792924343823004918e+00
1.124434163719810265e+01 3.852108739342835264e+01 8.779559309868504968e+00
1.133737732194163605e+01 9.659889093655813497e+00 3.585141298856158176e+00
1.141927678082767272e+01 -3.073631546240687840e+01 9.494546360038393473e+00
1.200634509498400071e+01 -2.479148213942863066e+01 9.060524121165983047e+00
1.207904651625090686e+01 -1.276248090028711424e+01 6.388945892964335904e+00
1.215631876424482982e+01 3.262546015543787092e+00 4.051900219444071638e+00
1.232509726870039302e+01 -2.714654500396414871e+00 6.724599668096367111e+00
1.249862960452128036e+01 2.029212711743975817e+01 8.647348401370896553e+00
1.307561745802657249e+01 -1.539406960265110591e-01 9.203629620070790551e+00
1.316264538923016225e+01 -1.065678876197392100e+01 3.540569560733253240e+00
1.324082341964020060e+01 -9.671099135768175259e-01 4.643272069628253895e+00
1.333959289051357366e+01 -1.976824259281828233e+01 8.901200759948475039e+00
1.341879932058140135e+01 2.391359448370296192e+01 7.718665865686896055e+00
1.400620222205801291e+01 -8.480349128743887022e-01 3.518992025251684197e+00
1.407452883389740173e+01 5.269457030014885746e+00 4.988374651915285618e+00
1.415806179976231327e+01 9.878914764731399067e-01 5.582238713013191855e+00
1.424058024994762306e+01 5.000052115947206666e+00 5.044632577765576720e+00
1.433866320284652751e+01 9.649980767625159217e+00 4.073975893291328809e+00
1.440669256558678590e+01 4.249005943522917050e+00 4.959849012424398573e+00
1.449009221837915895e+01 -3.315480847501055095e+00 4.255582598806268990e+00
1.500643585494931287e+01 1.168503295440477885e+01 3.018421471742757767e+00
1.515933669541450968e+01 -1.092328311232286531e+01 4.762518243011720998e+00
1.525824872506417051e+01 7.213782994686575023e-01 2.815048286294795865e+00
1.534135571678533871e+01 9.543092506579373691e+00 7.851799546117276485e+00
1.541705894684630707e+01 2.348278997480648389e+00 3.212461071022002734e+00
1.549748997717213328e+01 2.005871367294937535e+00 7.211888228757827868e+00
1.600603842177435254e+01 5.790603587389485440e+00 7.611715808942297379e+00
1.607905669768415535e+01 8.052187930903901503e+00 4.307860780331397521e+00
1.616689462318551662e+01 -1.815480459027413573e+01 9.568421141443648636e+00
1.625069160155559089e+01 6.193619188038050893e+00 3.169988126063105760e+00
1.632971658349901034e+01 -6.551539938737983348e+00 9.329142739103680526e+00
1.642220406784435838e+01 -2.442207532436353290e+01 7.241621531592574712e+00
1.708570231901787295e+01 1.601744588818449699e+01 3.919464417940832224e+00
1.742161029318629417e+01 2.116682574291604446e+00 8.353131430276848235e+00
1.800548176199557915e+01 7.417243649932820482e+00 9.969749638653544466e+00
1.807670396900443777e+01 5.318251300608116239e+00 3.036541632950410019e+00
1.824601498879501094e+01 1.623564254858166578e+01 7.492465710399024204e+00
1.832959492920866040e+01 -4.234685931202154308e+00 9.862216204460960256e+00
1.841693722580355441e+01 -3.513547628384638521e+00 6.044414472522744219e+00
1.924333640747301288e+01 -5.683024125494393175e+00 6.111438775430805492e+00
1.932301320052664551e+01 2.209615566961766309e+00 9.340522516209416537e+00
2.008924492818231400e+01 7.834911620687899259e+00 3.445565075959131640e+00
2.016552088705353185e+01 -1.980054492469891869e+01 5.605607105735432860e+00
2.100716482584741129e+01 -1.963250007940395392e+00 4.674390025022313822e+00
2.107440148778762179e+01 -1.053078270920802950e+01 7.797026193974966546e+00
2.115811169774051237e+01 -1.762942307214753868e+00 6.216401051789053334e+00
2.125011232030669817e+01 -7.513198204545298076e+00 8.067168078859472402e+00
2.200187173101491211e+01 -2.288320308559912419e+00 5.594534786210145327e+00
2.225497139978316596e+01 2.108166593200899719e+00 7.571106627856940108e+00
2.241995748058472415e+01 -5.053882847669189715e+00 7.168977314963256298e+00
2.249030625602620148e+01 -5.358654516363870357e+00 5.199288159249136676e+00
2.300581102194953687e+01 1.619772687759515861e+01 3.297421036955184626e+00
2.308711177989023255e+01 3.606078736926754402e-01 5.754708333615337068e+00
2.324805470621356918e+01 1.336556581921893461e+01 5.152256943395336464e+00
2.332811313450648427e+01 4.363200349416863411e+00 8.351303035435044819e+00
2.409280402609256555e+01 2.280774682132225450e+01 5.789491206685659641e+00
2.416233352453578220e+01 9.761526062288146122e+00 5.435963231722964473e+00
2.432645558507752881e+01 1.477886900778520385e+01 4.657396506930401969e+00
2.441053946817167031e+01 9.121430203823608807e+00 5.486920589608230259e+00
2.449197380215118613e+01 -6.398264824179467070e+00 9.572475202865444288e+00
2.515991545841619370e+01 8.493241896383885603e+00 5.900115863555645213e+00
2.525586988112167575e+01 7.813658831423596851e+00 6.287811194069659493e+00
2.533210615363005402e+01 -4.216564675881601332e+00 5.433099142053555042e+00
2.542109670348972372e+01 -2.732858190616719085e+00 3.772058598725054335e+00
2.549444827348237652e+01 -1.444816672203792507e+00 4.212088107763315215e+00
2.600676902010071245e+01 -6.896781522528097952e+00 8.118640589411654673e+00
2.608071409710143129e+01 4.998603825992585570e+01 9.294966226598088355e+00
2.617612000489522828e+01 3.288634529395468409e+00 2.647530388054868400e+00
2.625644117484005591e+01 -9.187053889168375065e-01 8.713244810793018047e+00
2.633114891652829925e+01 -1.564121795292551020e+00 5.037052664010261083e+00
2.642199187110795577e+01 8.053245961637120587e+00 2.707076075290327566e+00
2.716832582869011503e+01 -7.343677593464328801e+00 5.162312434325363242e+00
2.732340728045915768e+01 3.836456123119433670e+01 9.524898669101002469e+00
2.742049440833829266e+01 1.708200244361191267e+01 6.830180327806284701e+00
2.807666689654075398e+01 2.363250947023458082e+01 8.165654719174547438e+00
2.817642473792948721e+01 1.745911399640529282e+01 8.752494448375692571e+00
2.824972695835793601e+01 3.264420189404097528e+01 6.104275959760954606e+00
2.833738974813743994e+01 9.120395537830990662e+00 3.512933099448027008e+00
2.841915545734417492e+01 4.808559972978746266e+00 3.392908325564073735e+00
2.916688952572558691e+01 -7.843325957635510548e+00 5.084906438533874251e+00
2.933462259224337387e+01 -1.997368719034902895e+01 5.644512521543211037e+00
2.941994633978254114e+01 6.501973498764007431e+00 2.537457501056841203e+00
3.008344108577967191e+01 -7.926271563258591613e+00 9.177139146332951469e+00
3.017224769572509047e+01 -2.878898265884168239e+01 9.355239869739541803e+00
3.025967169424458802e+01 -1.497844489626978870e+01 6.883786466164078632e+00
3.032579917111583256e+01 -2.786932582234450617e+00 2.917058276246216941e+00
3.042069685641211052e+01 1.502939901974146952e+00 6.438163658550583257e+00
3.100494446652632519e+01 3.316278364972431802e+01 8.603928927699332263e+00
3.108768533139280166e+01 -1.116274361956622663e+00 7.954925532015344913e+00
3.115797061588816774e+01 4.969936276014516707e+00 2.788827347177634586e+00
3.124448588323586407e+01 4.556220629823528157e+00 5.094897720377005612e+00
3.132627987363895627e+01 1.243642781719990431e+01 7.160049420503304951e+00
3.149773334060233765e+01 -4.952801765462885975e+00 6.614901700783484273e+00
3.207413029152530726e+01 1.341077550701397669e+01 9.132535399601639625e+00
3.216716247282644758e+01 6.510578503294445873e+00 3.415327005819026596e+00
3.224645922692540978e+01 -5.462556576577020095e-01 4.651001271217502619e+00
3.233251947124398384e+01 3.377201638279753393e+00 8.761066210180917579e+00
3.300481982981794715e+01 9.060304636006417667e+00 8.427546093153647888e+00
3.324149345028406799e+01 1.139869392613832133e+01 5.529584277146108562e+00
3.332336846309092948e+01 9.951497144574359410e+00 8.843307434332464467e+00
3.341906842258246257e+01 6.726607612322190732e+00 5.015304302425916738e+00
3.349379475930051342e+01 3.390547049343233965e+01 7.624520725725990822e+00
3.408789488797964395e+01 1.758939956966881013e+01 8.908420787260034501e+00
3.417050035220090365e+01 2.076524457850027972e+01 4.502400247529397603e+00
3.425740057889792212e+01 9.590545636651036432e+00 9.715940661687383795e+00
3.433015526630484260e+01 2.127766251592122515e+01 8.621357332966958609e+00
3.441278022332490139e+01 5.029281966061738274e+00 9.805447740377646326e+00
3.507360688009345751e+01 6.314934524866869126e+00 2.601707613680516396e+00
3.516551508006941162e+01 -4.684423191774120809e+00 8.552690948590317532e+00
3.525066386555040054e+01 1.511227812382183089e+01 6.716502369530653382e+00
3.540659604498645763e+01 2.067581429075993782e+01 9.165068760468185971e+00
3.600069134653661962e+01 2.695325628945241547e+01 8.268224529775519471e+00
3.607639659070406424e+01 2.667627223939832248e+01 8.035205253943836112e+00
3.617480448391546588e+01 2.180810097948695514e+00 3.209773820933419231e+00
3.624176329129748808e+01 -2.220449204329971060e+00 3.634609118263313121e+00
3.634336605778489826e+01 -1.446671479636932034e+01 5.711879568130431295e+00
3.700706995565546009e+01 2.487309531454627631e+01 6.122928728395782727e+00
3.708112363872664474e+01 4.762342253882922982e+00 7.688591604741764840e+00
3.725768383904132719e+01 1.461510892530193217e+01 7.280639109309139378e+00
3.742617348037180847e+01 2.003534956610598172e+01 5.409463486886727068e+00
3.824334948002660894e+01 9.106208552088389752e+00 7.073685252906485310e+00
3.907462399878262005e+01 -7.124076283702687640e+00 5.487273338183213944e+00
3.916731924420037814e+01 1.907944601461188050e+00 6.774488665878473981e+00
3.933112256675494223e+01 2.806560777002855112e+00 6.391253140079886208e+00
3.941542734234281653e+01 1.550321261460283750e+01 7.700138802047633568e+00
4.015744314358254030e+01 2.319104039261751993e+01 7.514332699523867731e+00
4.033731525713067612e+01 2.142975632202375280e+01 3.092174253681317264e+00
4.041274659245899414e+01 3.151387049228397075e+01 7.997643853598602526e+00
4.049822180188593279e+01 4.223324644664725724e+01 7.586825685142008169e+00
4.100092254162585448e+01 1.663736510774885957e+01 4.077163071740001143e+00
4.107925720197962960e+01 2.141645014467804486e+01 7.635377621884547494e+00
4.117429537433780240e+01 1.028040961019230437e+01 4.686600882262629497e+00
4.125477004300044115e+01 2.320673754126399402e+01 9.196083192216478963e+00
4.133118717745350068e+01 -4.237998697477022958e+00 5.601078285241783306e+00
4.141638964098455489e+01 4.979171886793345436e+00 3.034426238108092200e+00
4.149276745194045901e+01 2.785068465408773619e+01 5.046885108599045822e+00
4.208879202196262526e+01 -6.090492018967427867e+00 2.842287820474730609e+00
4.217250330405050107e+01 -9.813614516125014120e+00 5.386696470591203934e+00
4.225442870888782210e+01 8.099746948044781902e+00 4.928347211901783709e+00
4.234264390260837274e+01 1.146975086916589781e+01 9.682817963933276317e+00
4.242601989720981237e+01 -4.445329844200937686e+00 6.295459260060486173e+00
4.300252265380618155e+01 -1.834396332480555358e+01 5.603857150854211433e+00
4.307517881007778016e+01 2.425800665938899670e+01 9.437345994746150879e+00
4.316380369500181047e+01 -3.590032904834642125e+01 7.006523745556223481e+00
4.324493523615293356e+01 -1.202516084378223660e+01 4.094989749451627858e+00
4.333274291346702256e+01 -4.439649836209552447e+00 8.977115366991515799e+00
4.341543785431655067e+01 1.152454363398212323e+01 9.064510698712668457e+00
4.400296598234691459e+01 -2.078851823764529172e+01 7.643030307699628878e+00
4.407517961986017241e+01 -5.866621809155304845e+00 6.208215878109381691e+00
4.415735313878636248e+01 -1.443650749908666242e+01 3.769991116735820214e+00
4.433169122703777276e+01 -1.209442263077397683e+01 8.891861770354713812e+00
4.508441162364886168e+01 -6.265467171673364533e+00 5.256210462491834434e+00
4.515803290530816838e+01 -2.053611852265132853e+01 8.918438701379928446e+00
4.525107305419054882e+01 6.163843342185533203e-01 8.891004909178313653e+00
4.542534806310742823e+01 -2.536199305159747652e+01 8.953641288674626608e+00
4.608488054911987319e+01 -1.583262362041000237e+01 3.632717296071763080e+00
4.616442935913828904e+01 -1.346842100520543362e+01 4.130522505291940760e+00
4.632446611552900606e+01 -3.297277521182331128e+01 6.535119982649949755e+00
4.640744665296385563e+01 -2.224724242684258613e+01 8.849276100433630887e+00
4.649893477629873928e+01 -1.586915068118344507e+01 9.084929440308865622e+00
4.700641594384111244e+01 1.659358927453809684e+01 8.631181855241251810e+00
4.708212117809145525e+01 -2.908544178535294478e+01 8.954384261723106420e+00
4.717124127213246965e+01 -1.038041424384808487e+01 6.090254114745519587e+00
4.725447040864430903e+01 -7.409522736991803527e+00 7.976273666448177480e+00
4.732560559720431570e+01 -3.582804399069588364e+00 5.583751474954010696e+00
4.742604093601956805e+01 -4.789741849184790290e+00 2.719073031902083937e+00
4.749555526121366000e+01 -1.413688407928061608e+00 3.495384376986588215e+00
4.816152370063370824e+01 -1.591398996096814500e+01 9.560591478532561638e+00
4.833160858362226975e+01 -3.150347455620379478e+01 9.273865402240943467e+00
4.841822707598516473e+01 -8.509489921685489122e+00 5.342859281065303279e+00
4.849345042487015434e+01 -2.769709182306632300e+01 4.884245609145057898e+00
4.908384377198851212e+01 -6.845045535907984480e+00 4.049198696938283604e+00
4.917473504195545786e+01 -2.263331238818639068e+00 4.998527346234549640e+00
4.924025631727469943e+01 -1.469931739555540240e+01 8.734404857620360119e+00
4.934308171626898343e+01 -2.865894889178867810e+00 2.784797887499934621e+00
4.941466197758304446e+01 -7.719229099622113566e-01 3.200694764729057340e+00
5.017061041780095110e+01 -6.812152524179385438e+00 5.926723934753158396e+00
5.024605327690220236e+01 -4.000968217094520440e+00 9.132378705971133215e+00
5.032689349466696882e+01 -7.250871822497778396e+00 5.894882549079301093e+00
5.100455404423632899e+01 -2.356262493607199460e+01 9.858133220790733731e+00
5.107558055610611092e+01 -9.627733018167567991e-01 4.661250226102079175e+00
5.116208263533790301e+01 2.024834025341924360e+00 8.143081332731320288e+00
5.125923879809814565e+01 -2.496722320592387589e+01 7.639485748141671806e+00
5.133209517149590795e+01 -1.942147822481965491e+00 6.049276082778868968e+00
5.140850024035608357e+01 7.325516091160858778e+00 8.544766087277750444e+00
5.149813249101449486e+01 1.405845364060900948e+01 8.822839633493920530e+00
5.216103285046345661e+01 -1.408330140409051268e+01 5.473340969047438165e+00
5.240924351347383947e+01 -2.052730816450712759e+00 6.474444360865958537e+00
5.249192805300917541e+01 -1.823517519923236296e+00 4.150108920087559383e+00
5.308070252747771178e+01 3.594158870390528904e+01 7.543704729205557236e+00
5.324174734568564560e+01 -5.368368198982689243e-01 9.887981529434060946e+00
5.409293749821515718e+01 9.457796178488088401e+00 8.321914493186886475e+00
5.416126649264672466e+01 3.980337402139383585e+01 9.738558708635409289e+00
5.425111368705741199e+01 9.723640468284166616e+00 4.194299737895335944e+00
5.442142114470571101e+01 8.952275925991197703e-01 5.103871908479234776e+00
5.449796522786913755e+01 -2.234293432290595405e+01 8.810943636044678229e+00
5.509347698080016897e+01 3.953418316913912633e+01 9.236460703121212035e+00
5.517247603383687959e+01 5.869825269688647040e+00 5.919476677439819312e+00
5.532467749062504225e+01 1.791265778170687284e+01 7.340317840823744611e+00
5.542514631032495487e+01 7.531888101802232782e+00 9.298683323145230162e+00
5.549487759140009757e+01 1.893222683305726051e+01 6.819252872372794094e+00
5.600731419976864345e+01 7.792972305429868740e+00 3.305865675960575345e+00
5.608820127974601633e+01 4.832807448707170828e+00 5.258139992935868534e+00
5.617647838587191700e+01 1.232423655539225393e-01 9.120703928856011444e+00
5.625481131825826964e+01 6.711809600018821875e+00 7.616479392623405786e+00
5.634368214532139518e+01 1.391129175141317376e+01 5.087463258716597991e+00
5.642366187230178554e+01 1.891612283390795213e+01 9.196436211636868308e+00
5.707806777519216723e+01 1.492881914556327061e+01 6.611433142952859221e+00
5.715785748339897765e+01 -3.867098471076030819e+01 9.126121817348087362e+00
5.732724501362324787e+01 -2.932453926122926990e+00 6.230468542090140005e+00
5.741784624598548703e+01 6.130032487533480179e+00 5.426600590777312938e+00
5.749040814072140648e+01 -6.267260825818393499e+00 8.385317713520683114e+00
5.816645611288000595e+01 1.745703369500692936e+00 3.151209011421340911e+00
5.824346986343766730e+01 -1.077913652208901141e+01 8.398821581360826016e+00
5.833063532927126005e+01 -5.370423375913070174e+00 9.680808809445569096e+00
5.841336506393464845e+01 -2.210490347208578843e+00 3.172804916799436548e+00
5.907705760782663162e+01 1.170622248837611679e+01 5.701667120473477013e+00
5.924791238293335027e+01 -1.529334993615056781e+01 7.897372314533319226e+00
5.933924614251549912e+01 -2.539078441876564796e+01 9.619844699980268032e+00
5.949828014215712102e+01 -1.783469557414093387e+01 3.978051816285269382e+00
6.008939949443691120e+01 -1.074089087514641605e+01 5.024885656285100310e+00
6.016250110944231011e+01 -2.154256098709345935e+01 7.027218186447891313e+00
6.025355434788588838e+01 -4.954128925138020278e+00 3.895936292206334528e+00
6.042089102038136872e+01 -2.790730428428301213e+00 9.729198905134101238e+00
6.049960333333681461e+01 -3.133184467139408724e+01 8.542781417708290803e+00
6.100063738344685760e+01 -4.406506300805139276e+00 3.547649457995131428e+00
6.108517578667147774e+01 6.008880079064569557e+00 7.256802463196497577e+00
6.116099060484172156e+01 3.497023565235947373e+00 8.658960240174023326e+00
6.132863933909112575e+01 -1.308842725413037478e+00 4.182364178449402559e+00
6.142093321205605605e+01 -5.806719579547029220e+00 9.901343705740741186e+00
6.149790718638801934e+01 -6.012233960431691671e+00 8.688460744504816091e+00
6.207363694644219976e+01 -1.855788522380193584e+01 5.307992494291930541e+00
6.216166756997249365e+01 -4.879889750357783385e+00 8.461451244661944315e+00
6.224230377611502973e+01 -9.888623292640126294e+00 3.219209688871766950e+00
6.300406944499037110e+01 -1.613970055439441609e+01 4.897025115771765691e+00
6.316465807703733759e+01 -9.242657486151847124e+00 3.220086541366273813e+00
6.342126665564546073e+01 1.408340449564955854e+00 6.349327406031650689e+00
6.407954184396999153e+01 -1.292821599357492879e+01 4.835098487507536902e+00
6.416983428340269313e+01 -2.559506444909093403e+01 9.505848130052097389e+00
6.425734113654948487e+01 8.206698361106758099e+00 6.072790215749083842e+00
6.432943104457396544e+01 3.440545444643480000e+00 3.232014085635548817e+00
6.441058702208593445e+01 -1.498232900817920266e+00 5.620869078366649063e+00
6.509150684528155750e+01 1.392963393125120675e+01 8.834354502135930431e+00
6.516733630088549489e+01 -7.152929069847324683e+00 5.684867430143823341e+00
6.524583516721142473e+01 -7.797537243207885993e+00 9.343855818548199466e+00
6.534202942021877902e+01 -1.325209271705406477e+00 3.124381951923655087e+00
6.542163057013497962e+01 -1.740819969540112089e+00 7.281878809069819880e+00
6.600408442911579243e+01 1.007824100566655190e+01 7.076774651133844962e+00
6.615914308211253569e+01 -1.978037840712988427e+01 6.615943194223774526e+00
6.707807692925049992e+01 -1.819665731299741074e+00 4.474164803320191730e+00
6.715978519794673218e+01 -2.255324320546511441e+00 5.691230809670015489e+00
6.740839531115612715e+01 -2.361823293392250611e-01 3.257913358472601661e+00
6.800837588502639619e+01 -1.002080364060530804e-01 6.429462978581526045e+00
6.825143922254036966e+01 -1.310202678314577973e+01 5.952782067959203616e+00
6.842662360975933211e+01 -5.598325573834812552e-01 5.444536475868780201e+00
6.900962422441395461e+01 1.349383551069696985e+01 6.051817397121409314e+00
6.909309341030535734e+01 -4.071909125867270163e+00 9.457650200678109798e+00
6.925712912910135799e+01 4.852205885717514988e+00 5.056626955554283320e+00
6.932744000206032808e+01 2.902544969207872327e+01 8.182126086621067884e+00
6.942361679523291684e+01 2.994790520912098941e+01 6.973426517327416363e+00
7.016750905378698633e+01 -5.111381077122274519e+00 5.804863660776033996e+00
7.033157459098536890e+01 4.936183656783780904e+00 8.076576250853635841e+00
7.041452749830364155e+01 8.681225673083980965e+00 8.143890899759632873e+00
7.117174111122453439e+01 2.614200389740765473e+01 6.678981759310608446e+00
7.125669443070765396e+01 1.088676199962985081e+01 4.385684712440130362e+00
7.134243615338279199e+01 1.085615423400060209e+01 4.419684045433443842e+00
7.141199037754797985e+01 1.760558386121866192e+01 4.464056326453241574e+00
7.208833230794742519e+01 2.313967593969428549e+01 9.482206508096263420e+00
7.216378022027524253e+01 2.132799519307923575e+01 6.473895338889339435e+00
7.240927100552526952e+01 1.761982024786303569e+01 2.703158118141600674e+00
7.249816360654999414e+01 1.216671220840705558e+00 8.202792538026992375e+00
7.309049094874288244e+01 -8.651027145277929264e+00 8.932465760997935433e+00
7.317197181476936407e+01 -9.442772920793608193e+00 8.099211795521398471e+00
7.325085065985112465e+01 2.212862988732057445e+01 9.473000946550039103e+00
7.415882438767913243e+01 -1.365873455290881999e+00 4.931014643136089504e+00
7.425455627618471510e+01 -3.108749574053115694e+00 8.049137924250878484e+00
7.434317030662417380e+01 7.791083757907389717e+00 4.734438859708420821e+00
7.441630692630758404e+01 6.971670428975636824e+00 3.352417944034576713e+00
7.449320796763809938e+01 -1.187763073461541552e+01 5.716933017762853453e+00
7.501037011084073924e+01 1.876245828176211816e+01 9.813030834418235315e+00
7.507596858703342946e+01 -1.292239806334149499e+01 9.863428988094026906e+00
7.517180838164905765e+01 -6.494386339274081266e+00 4.701614757385685905e+00
7.524871176770624004e+01 2.574700501405149389e+00 5.668038559855053116e+00
7.534282303681509063e+01 -1.554405654491509914e+01 8.261344659366869791e+00
7.600689890353505973e+01 -1.722511629499787311e+00 3.138345802174762778e+00
7.616511097813597075e+01 -2.874519319802660178e+00 2.679037736220377663e+00
7.625560400853871101e+01 -6.130645504875166907e+00 7.389833998909884905e+00
7.642190211422331458e+01 -8.278338884419532917e+00 5.314034400298747407e+00
7.649282918670004960e+01 -2.311451032635075364e+01 9.574525941547737062e+00
7.700816832511516452e+01 5.328368109687358078e+00 9.742740652855717443e+00
7.708650030788733432e+01 3.118544626610853854e+00 7.661516083219297002e+00
7.724611049905455218e+01 5.223197808030677791e+00 8.424982130869336672e+00
7.733523472626367834e+01 -2.370863388905153357e-01 2.714720420875548434e+00
7.741245265039977141e+01 2.137956654279253854e+00 5.207403611561693069e+00
7.749404937603463850e+01 -9.553205042406791137e+00 7.478510331522597809e+00
7.900447988701779423e+01 1.293873903997902275e+01 6.937266198423883701e+00
7.915901124005867473e+01 9.945407052122789082e+00 6.206888490868454511e+00
7.924873837881735028e+01 6.710484776514173966e+00 4.442243512863615962e+00
7.933255593856011956e+01 -3.169832496462496430e+00 2.897042091426405008e+00
7.940753855069296208e+01 6.602999076502102049e+00 6.630477248016949154e+00
8.000994914320651219e+01 8.918509423194025842e+00 4.421231975169028772e+00
8.016880922221466221e+01 -1.500375948187529040e+01 8.816680180135211486e+00
8.025228834747194639e+01 -1.648555164990072797e+01 9.793075605859220545e+00
8.033511781690071984e+01 4.520527706737339280e+00 3.520747257384042594e+00
8.040868291933199430e+01 2.067436517206453050e+00 8.451711372604481909e+00
8.100625552698831200e+01 -9.502192041278226142e+00 9.413010585626931714e+00
8.116294390517775525e+01 1.038800254652076838e+01 2.535765363664526095e+00
8.132717942042921777e+01 -7.917978621329038624e+00 6.188372765809670994e+00
8.142431322620602430e+01 -3.116941329701178987e+01 9.768040757933636797e+00
8.200206752052245918e+01 -4.605641432924485912e+00 2.633673467051135475e+00
8.207388536820363356e+01 -2.738216057954828031e+00 3.241675452727486473e+00
8.224660860434092058e+01 6.588323302797101988e+00 7.337486425932873146e+00
8.233581352233326811e+01 -5.338543752852174862e+00 6.579975527348573827e+00
8.242300872397105138e+01 1.121790849270790780e+01 2.931231966778169884e+00
8.300815804786849128e+01 -4.929795777740530127e+00 3.743045971902584590e+00
8.308206571390483930e+01 2.144077679767190148e+01 5.476419413943165893e+00
8.317063360704995034e+01 4.448120035521025528e+00 3.026085066967817205e+00
8.333055421083794556e+01 1.159253516181270527e+01 4.126881040666284584e+00
8.342388508077516462e+01 1.355973542756295913e+01 7.974970235319871037e+00
8.400901223669660567e+01 2.580127455424876093e+00 9.877483402003344182e+00
8.408325803628794404e+01 -9.896440983445653927e+00 4.853939804190065210e+00
8.432592286630682565e+01 4.800426438921201466e+00 9.253366578367494100e+00
8.442261321109791083e+01 7.915608693816587049e-01 3.968925341927487249e+00
8.517618088650846175e+01 -1.188436177374788727e+01 4.125847691120680061e+00
8.524143315664019838e+01 3.162416741237822571e+00 3.780477276307656620e+00
8.533375735695894093e+01 -5.069570492632633929e+00 4.905101268784405555e+00
8.541051505995318394e+01 5.375535751611691282e+00 2.827571334743315123e+00
8.549018245295319218e+01 1.617845776243275679e+01 2.776468316579483897e+00
8.607539286826433056e+01 7.967203938151102172e+00 5.911390031352816266e+00
8.633492142353340171e+01 -7.923533627339072183e-01 9.444797224032623006e+00
8.649720787548730527e+01 1.330717460512269312e+01 5.019210903576423632e+00
8.708894000531381607e+01 -5.307237213859949065e+00 6.570340115547179671e+00
8.715679010289821349e+01 7.382879132492624841e+00 4.294717950048263511e+00
8.725912639604250387e+01 1.092901220018096708e+01 9.878404969010354364e+00
8.733518558770367690e+01 2.188155195696958799e+01 8.954986791357017140e+00
8.808875659636477451e+01 1.711001744925010115e+00 8.955108849056347964e+00
8.817578924316914879e+01 -2.297572105752482940e+00 9.929249336460676645e+00
8.825786423730140484e+01 2.213561276240399422e+01 6.934388788836207240e+00
8.849584011762880209e+01 2.359184859558909864e+01 3.897909000592987727e+00
8.900936371490966792e+01 3.187980885989028224e+01 6.166892833470281055e+00
8.916116045675389046e+01 4.146994346493407591e+01 8.076969466078709914e+00
8.925827689034289847e+01 4.491491936865156909e+00 3.486658152254911158e+00
8.933554952285652462e+01 2.160491883627799581e+01 4.863610074723177412e+00
9.000720801087729228e+01 1.292610770072001714e+01 7.913657716971547629e+00
9.008342852987287586e+01 3.144822465645108878e+01 6.710399259190032772e+00
9.017563043091185193e+01 2.270120151777319251e+01 5.238133675820694002e+00
9.024075046226354857e+01 -2.200114115739808085e+01 5.191245326222723833e+00
9.033526397514471284e+01 -7.135139377689889706e+00 7.366831709218933710e+00
9.049341248685016126e+01 -4.179096065929951642e+00 3.091766846964522308e+00
9.108094261623413956e+01 1.782698273882397899e+01 6.092271913908113845e+00
9.116896853305026127e+01 1.607496338791315083e+01 4.966384490581988942e+00
9.133320626563754274e+01 2.806789989175966227e+00 3.033416574977632063e+00
9.142468052817469015e+01 2.229733594743071379e+01 5.831093437588332762e+00
9.207428741310738474e+01 1.258628232298923777e+01 8.263294913348284254e+00
9.225941281807288874e+01 -8.778298205822292033e+00 7.368940995858666021e+00
9.233828410104104023e+01 9.897213542155228083e+00 3.912613856797439560e+00
9.241768320109216006e+01 -5.686852198212713816e+00 9.445844336380059048e+00
9.300375750516775497e+01 3.971670469620215194e+00 4.541343561781850724e+00
9.308749917577846134e+01 9.638405085256737337e+00 2.872800249220466728e+00
9.316991601402267520e+01 -6.846389428520399889e+00 5.689319485392191567e+00
9.326001574986371168e+01 5.127798330639045332e+00 7.558673392447325945e+00
9.334138769918293121e+01 3.284858856544543926e+01 7.862700642342799640e+00
9.400729334137956528e+01 2.474051440714750782e+01 9.670413502433570230e+00
9.408219308359072386e+01 1.744777689751410676e+01 9.582604981885049611e+00
9.424823541851344544e+01 1.224679096175339543e+00 3.634926104807517433e+00
9.441537933945460281e+01 1.158617597649357478e+01 7.014246781662291319e+00
9.525198322189396549e+01 -1.560564694372119376e+01 9.372108087313469227e+00
9.532607460005998234e+01 -1.345017011611973778e+01 5.849589372905326101e+00
9.549890072365505489e+01 1.736902366243861096e+01 4.333840753829382386e+00
9.607774900035744281e+01 7.495319000708301260e+00 2.590024681908301929e+00
9.617091579777610377e+01 1.764927505073081804e+01 9.982173251431607497e+00
9.624611456645578755e+01 7.322670855575722726e+00 3.521482666124922112e+00
9.649034786242060591e+01 2.093850612754014406e+01 8.295814156956311081e+00
9.700147740456016265e+01 2.787432757891079405e+01 8.048334866947747912e+00
9.715656996985305227e+01 1.358015985927348623e+01 8.136310490572151721e+00
9.726019498873145608e+01 -9.828838090554762985e+00 6.553965594004552031e+00
9.742024358486348490e+01 2.844618126507197431e+01 5.795348602914806690e+00
9.816113477795479980e+01 1.143556975986944302e+01 8.137106696547343532e+00
9.840770641275749142e+01 3.440234550060999208e+00 6.763774515799523712e+00
9.908852536717556347e+01 1.028772420656387254e+01 5.681553778723164250e+00
9.916739969425042034e+01 8.209128120125363637e+00 4.000490620501998329e+00
9.933226963258667297e+01 -3.214916470823664696e+01 9.991137872509005646e+00
9.942056003356010763e+01 2.995398476463282833e+01 9.608011866265172785e+00
1.001742668470304665e+02 4.709046368537821436e-01 7.542933004225977456e+00
1.002418518790912145e+02 -4.346265308362357871e+01 9.989690522603261513e+00
1.003432579042889898e+02 -1.733433974755876150e+01 5.510336111470889975e+00
1.004075156840268193e+02 -7.270515824176860598e+00 7.721694102092415690e+00
1.010100611944527742e+02 4.355984610212910724e+00 6.719211613347089163e+00
1.010875417587848233e+02 -2.749314534954545763e+01 9.774461937911322451e+00
1.012499540257808519e+02 -2.527915705967913595e+00 9.305594537969440694e+00
1.014253740165672610e+02 5.904513189785603799e+00 2.895962649050984439e+00
1.020023245005048693e+02 -6.871718486025212513e+00 3.945581720003374926e+00
1.020758897314564280e+02 4.202802611871280902e+00 8.406830894949916200e+00
1.021662624662380665e+02 2.455079970094946873e+01 8.503173383972658428e+00
1.023277619162651177e+02 3.770885666776496947e+01 6.680906241712501803e+00
1.024097567883418947e+02 1.851853195817560049e+01 4.677334103874358107e+00
1.031616031738844868e+02 1.164587219507896165e+01 2.679779622436796238e+00
1.032573845466813509e+02 8.700754053625733064e+00 7.561765368813845534e+00
1.033428675392796663e+02 1.568266438995677703e+01 3.452032171005752215e+00
1.034093876457250616e+02 7.690470471033468591e+00 5.891428987714886212e+00
1.040831019596471663e+02 2.477841055326415187e+01 3.503954526945723735e+00
1.041624114836866966e+02 7.688984881147764128e+00 6.360629336647745546e+00
1.042453690865336711e+02 1.887335025659846011e+01 4.383079971765999616e+00
1.043295464576366527e+02 2.883756058706816816e+01 2.720540228808416838e+00
1.044144969877898035e+02 2.024422612093493967e+01 2.698459495383608520e+00
1.050068624968831728e+02 3.118513865801072171e+01 6.536424692191371122e+00
1.050850054766976172e+02 2.128537304948312681e+01 6.067207743369395168e+00
1.051676609999986738e+02 2.098592497117864397e+01 8.121864910623383338e+00
1.053372296901422658e+02 2.005741691986560582e+01 6.581034043167006686e+00
1.054258897347191350e+02 3.799494926667203565e+00 2.760243331605844563e+00
1.054940566568944433e+02 4.419582068946713349e+00 6.783690889283480630e+00
1.060789031053312073e+02 1.966852037476980897e+00 3.409122322314594999e+00
1.062464995658754816e+02 2.092753367680137977e+00 7.936180678213784034e+00
1.063353397818437003e+02 1.239080389126319481e+01 3.169801127406643992e+00
1.064243768675759725e+02 4.575527244434572260e+00 5.201646787357907087e+00
1.071598147986729828e+02 1.575551841048739732e+01 4.601409607029188997e+00
1.072543677163678240e+02 3.246377007419233074e+00 5.576221270008099751e+00
1.073294923233187319e+02 -4.509355333400856480e+00 2.604976982258713214e+00
1.074066533161673362e+02 -3.851988639880827847e-01 3.261264175771979801e+00
1.074951776305684206e+02 1.361219537418726588e+01 2.800225151574464721e+00
1.080087653984494409e+02 -1.664881426362199690e+01 7.408609253020555840e+00
1.080783057464827408e+02 1.492975776888688344e+01 8.891825758792467838e+00
1.082405739107792897e+02 -1.781975819536561545e+01 6.779197024689348261e+00
1.083338074496659686e+02 1.363183507390496541e+00 5.080676016689848140e+00
1.084075155789968932e+02 1.482187541416207566e+01 7.843274234586057325e+00
1.084910784652300464e+02 1.981654454588507974e+01 5.434147750250645004e+00
1.090856576619791838e+02 1.355738977605313522e+01 8.131113250465544340e+00
1.091737282190045590e+02 1.086712756081567477e+00 8.110870390718897482e+00
1.092438672624815439e+02 2.592260392822528559e+01 8.787963802863934859e+00
1.093306736325323669e+02 -8.340326646227703478e+00 6.259106961930215540e+00
1.094931375027090894e+02 9.005454863235451413e-01 9.183623058976992937e+00
1.103278325627319418e+02 -1.322538394529707872e+01 9.429773223133087967e+00
1.104124383614627902e+02 1.372071985800462102e+01 6.692523090499262750e+00
1.110088889018310709e+02 1.318430839486731720e+01 5.012581166039796976e+00
1.110819154525737105e+02 3.867938836407595460e+01 7.882312123890226729e+00
1.111722081835144849e+02 7.642016650388423926e+00 6.729086523279943499e+00
1.112585521019777559e+02 -2.965222404475551343e+01 9.968783396103406247e+00
1.120074910529109928e+02 1.957552268760120739e+01 7.745997735975784337e+00
1.120781597828956677e+02 7.924834973217476985e+00 3.920868376746136974e+00
1.121586919513847249e+02 -5.275408491554069101e+00 8.597770610998525243e+00
1.122441709185867751e+02 -7.242564938446003353e-01 3.735712969490271540e+00
1.123368339114108778e+02 9.681287428048413801e+00 5.080150273538109218e+00
1.130002229259915509e+02 1.383303575752833936e+01 4.016203909507533254e+00
1.130812924966116526e+02 6.248071442516669904e+00 7.120700042622189585e+00
1.131695474353989255e+02 2.135153718409780854e+00 3.585601172964564931e+00
1.132454412319850121e+02 2.159794977696503437e+01 4.766986705566953475e+00
1.133311533085721265e+02 2.533670189560077191e+01 6.719855348787996618e+00
1.134080744130794471e+02 -3.902455139868290956e+01 7.643828160609199784e+00
1.140006076744871706e+02 -8.359730903021018733e+00 7.662351076620868007e+00
1.140932935933898307e+02 -2.773475444743700891e+00 8.509623003669107177e+00
1.141602430222510236e+02 1.097895708416626448e+01 3.653073492303730241e+00
1.143362435041766219e+02 2.865531757341361896e+01 9.735369852908231536e+00
1.144170596727714155e+02 1.429254562535763107e+01 4.090681649563596700e+00
1.150017521928201774e+02 -3.245190562832727110e-01 8.796949160124505340e+00
1.150921309715597260e+02 2.517012383951816190e+01 8.414684839632533553e+00
1.151678336403826819e+02 7.096870528315196935e+00 8.074442333473747624e+00
1.152556423991748602e+02 1.056921912238460592e+01 4.274591040946252640e+00
1.160004439151353637e+02 -9.627196268742745033e+00 6.427031143343269193e+00
1.160874811538303959e+02 1.809655073874950304e+01 7.092496414765838253e+00
1.161616092871731922e+02 -2.706778876422805524e+01 8.537145798231676963e+00
1.162469378605259323e+02 2.128441324843862503e+01 7.917531896634908861e+00
1.171714019376574925e+02 1.225298194953591491e+01 5.920045353091699880e+00
1.172504161621983059e+02 1.228714925171454198e+01 3.864138474807496948e+00
1.174924607849081042e+02 2.685572140207332126e+01 4.650878003289604656e+00
1.180838234512235516e+02 1.113118189743657105e+01 4.260618384043931783e+00
1.181635365297868105e+02 5.214339384581970549e+00 4.374552988561931421e+00
1.182409553110891807e+02 7.499219137098554810e+00 5.478240234619614846e+00
1.184921767527008427e+02 9.122052957438958387e+00 5.673360997445029419e+00
1.190742598710563698e+02 6.294504054589836528e+00 6.155620886576281592e+00
1.192585749455540451e+02 1.970636196340795010e+01 4.508248852914086058e+00
1.193314114569020745e+02 1.309387076075188183e+01 7.179794122537095369e+00
1.200877217041702210e+02 1.072781924608097093e+01 3.826983626577791231e+00
1.201696944378728347e+02 5.779273623626178136e+00 8.453378571799277097e+00
1.202433714966483507e+02 1.510954807733490668e+01 5.083777731410082268e+00
1.204199297626126111e+02 1.855708213557780084e+01 3.942970901035417697e+00
1.210903589455027145e+02 -1.766079127586101194e+00 9.514366486647439558e+00
1.211655344583702885e+02 -8.302425628703407057e-01 8.512696839607139410e+00
1.212543132788774329e+02 -1.768422642544473433e+01 6.845933903134898912e+00
1.220870666222288463e+02 -9.635969622976148230e-01 5.194707451114354058e+00
1.223265699567211868e+02 5.200125573839634363e+00 4.146593461193707419e+00
1.224136532409863491e+02 -1.380651703935579455e+00 6.548614686118627404e+00
1.230873499087290384e+02 2.318007813046139898e+00 4.237853693359641127e+00
1.231609815761821380e+02 -9.774977593916105434e+00 5.944911546111462997e+00
1.232408616398522838e+02 2.292548071411096444e+01 6.694593695094413377e+00
1.233233933980338293e+02 -8.791644117947772230e+00 4.668245239373516320e+00
1.234085757813890609e+02 6.887331581858378904e+00 3.234296806703991667e+00
1.240935973002515453e+02 1.648315158226604638e+01 9.620654451171899879e+00
1.241709578366322120e+02 6.598944402264803610e-01 3.922494941093246368e+00
1.242423872697418830e+02 1.992938763711835648e+01 5.113541528372723910e+00
1.243253328454957654e+02 -6.488044495963054104e+00 4.956623995417914763e+00
1.244252113478621311e+02 2.202649109284248041e+01 6.016780058454541447e+00
1.250752561792596680e+02 2.818871709645235146e+00 9.371528888659367951e+00
1.251695524966956441e+02 -4.035443705273976001e+00 7.078015290778619573e+00
1.252425902293963276e+02 -3.953982671071707422e+00 9.120261029696234090e+00
1.253336538513409835e+02 -5.400436835960795712e+00 9.426424015797245204e+00
1.260082175980358983e+02 1.442032717516984253e+00 3.291751710980465262e+00
1.260737247915473773e+02 -1.675677817749089726e+01 4.852840666518138057e+00
1.262580666616929790e+02 1.335191172712974428e+01 5.665976659407618854e+00
1.263348515841314423e+02 3.824062743858430924e+00 9.133606049829834816e+00
1.264245946448469198e+02 -1.445278365172833723e+01 9.447658814428992358e+00
1.270045070001995811e+02 -6.173069990095439330e+00 3.662951046665749999e+00
1.270802958540795089e+02 5.132617083552474924e+00 8.931870119322255164e+00
1.271618278509003233e+02 -1.308476329627485590e+01 6.325849264105276148e+00
1.272440796117752200e+02 -8.724471592100180306e-01 8.867087504583782476e+00
1.273407746058607160e+02 3.153166240620441929e+00 4.711540300168454820e+00
1.274258871049807453e+02 2.523120534633518375e+01 4.844232170831229922e+00
1.274990073669907957e+02 1.645248183598470604e+01 6.580861243538944194e+00
1.281612223433561724e+02 6.327678366163169699e-02 9.353665466954559804e+00
1.283296675743933122e+02 -1.013448284481889772e+01 5.712473116600622625e+00
1.284211974764711499e+02 -5.175568939728021345e-01 4.951973959014312143e+00
1.291642579425725899e+02 1.038356894818011078e-01 6.951960677079539686e+00
1.292484843967847041e+02 1.970934664038860262e+01 6.464566452425040133e+00
1.294102731017933365e+02 3.711578387686301994e+00 7.757752910700722815e+00
1.300794134667707169e+02 3.226667809562481448e+00 3.136413798706413125e+00
1.301686240313437963e+02 2.374988295522140902e+01 7.790887582891999230e+00
1.302573736395501953e+02 1.385391609622916675e+01 6.063968639639870872e+00
1.310920685388579159e+02 7.165362664017221661e+00 9.080403317024622112e+00
1.311628687523615326e+02 7.155805956110789623e+00 4.273561478509212641e+00
1.312425981708684901e+02 8.033796613227158545e+00 3.951836470833378634e+00
1.313405420050646626e+02 -5.223911760196795484e+00 6.140093007273140557e+00
1.314079925169069156e+02 1.378085583045225349e+01 3.384709649551563615e+00
1.320893844528295915e+02 -2.548493219659701658e+00 4.982401606257413462e+00
1.321631125241315772e+02 -1.222536774981542784e+00 4.942347201441076976e+00
1.323377896737793264e+02 2.873763554432547096e+01 8.716837479544265577e+00
1.331763528304002193e+02 -4.854406633067343435e+00 2.741167048597263900e+00
1.332396196148647221e+02 -1.685967992098786894e-01 7.580462095570268843e+00
1.333338621338342307e+02 2.280659516080264382e+01 6.273810898537649727e+00
1.334146606248784508e+02 2.094459484402553073e+01 6.839761780082814546e+00
1.340826760493384882e+02 3.022153477955591860e+00 5.541834898659460329e+00
1.341645605208487098e+02 4.391115731230134145e+01 7.816359098710511155e+00
1.342428282401436377e+02 -1.813850922661028520e+01 8.156834342877015587e+00
1.350766767529004255e+02 1.154231235593536198e+01 3.328946340868368381e+00
1.351656735651335453e+02 -1.503162189613336253e+00 8.243990095281372277e+00
1.352478899971280555e+02 1.868193467718986867e+01 8.685547738384910232e+00
1.353282477444194853e+02 1.908325446324748853e+01 2.990804575119209829e+00
1.354180191526591841e+02 1.708032532992637798e+01 5.359497077644524765e+00
1.360732428268244405e+02 1.746084463664235997e+01 3.164883909297246056e+00
1.362436235252782240e+02 8.964927013499709219e+00 5.649861387676256008e+00
1.364249121143028844e+02 2.605413543854003677e+01 8.454690698620655809e+00
1.370798747438566352e+02 1.124908591504872035e+01 4.472947558712784044e+00
1.371694105920370532e+02 2.076213697248969225e+01 5.699955358725171450e+00
1.384131099748889255e+02 1.618701905419920450e+01 5.990938348088720389e+00
1.390866616772636917e+02 1.336937707224430483e+01 8.295547609258415278e+00
1.391663364101914908e+02 6.748043204488951119e+00 3.481981617928783024e+00
1.392537889892534793e+02 3.399149187011006035e+01 8.278974247789459895e+00
1.393351942488168902e+02 1.173196376209669367e+01 8.057055536230864234e+00
1.394119337523647459e+02 1.499259108669862250e+01 7.217064403630899960e+00
1.400808031993379359e+02 -5.288409436697651955e+00 9.633238251778372785e+00
1.401651328986132796e+02 1.293630980169912847e+00 9.654969240712937051e+00
1.402491640320191664e+02 2.287199054115832197e+01 7.839578573942148410e+00
1.403283635219341079e+02 5.137295215004709092e+00 7.262691924152086642e+00
1.404952288145602779e+02 7.011627950130090881e+00 2.648081907842720906e+00
1.410735011907604814e+02 6.118334646379225639e+00 7.685810795990562383e+00
1.411571330503213062e+02 -2.590482575552446320e+01 7.320950937380210632e+00
1.412489196996280612e+02 -1.363344343707210360e+00 4.781221023262419045e+00
1.413348143295462478e+02 2.151444541845010860e+01 6.708073650745206784e+00
1.414260769115242056e+02 1.258166443170050108e-01 4.714063401359767091e+00
1.420012118823287324e+02 -3.812538103981560234e+00 6.865767277937655066e+00
1.420825408983026534e+02 5.717360321188191818e+00 3.345884917754331500e+00
1.421645123147697234e+02 1.319852492780977649e+01 3.612513075995189560e+00
1.422540552833458776e+02 1.729714499352474011e+00 9.757309173861054674e+00
1.423262880746524957e+02 -2.110136610223818820e+00 9.478410684278946619e+00
1.424070090698110107e+02 -3.598524026183886804e+01 9.463647030216494116e+00
1.430930475401634396e+02 1.118372941505505480e+01 3.466914063900981002e+00
1.431601912077305485e+02 3.802420448867252389e+01 8.825018831839518185e+00
1.433420207340508910e+02 -3.940562966487166641e+00 3.757075964607735408e+00
1.434124796073016341e+02 6.461695968029150805e+00 5.767007404973703011e+00
1.440924942421831076e+02 -1.421742337791719990e+00 3.572876541675820139e+00
1.441641264621455321e+02 -1.828929548977145103e-01 5.022913349229338742e+00
1.444930422334646494e+02 7.963501457513848969e+00 7.600428390516036359e+00
1.450900815941428448e+02 -8.176191124900322293e+00 5.289641451159178054e+00
1.452402985477396840e+02 -9.409148829817016946e+00 5.479499544206419159e+00
1.453393768923295966e+02 -1.367659544857147402e+01 5.295323040059831676e+00
1.454111117057210265e+02 2.229769621908524257e+01 6.154029349768888935e+00
1.460047982897511361e+02 1.328596752274943782e+01 5.881531015689262176e+00
1.461592497868097382e+02 3.616711475224970940e+00 2.526003464950531630e+00
1.462459115904621285e+02 8.874086180135654089e+00 4.006180353133676597e+00
1.463356366567082318e+02 -2.029430510089388129e+00 2.730093243433049377e+00
1.471678050772473796e+02 1.886167295845731218e+01 5.079056749392217185e+00
1.472543948835123615e+02 6.723613331488506262e+00 8.832988872678912529e+00
1.473419794417102935e+02 -6.363567862338557646e+00 3.324755684128003708e+00
1.474083690449007804e+02 1.265588543014422029e+01 6.527240790367965673e+00
1.482487146928710615e+02 2.602207309058363904e+01 9.566709514070232956e+00
1.483298890104841803e+02 3.804429689741617437e+00 5.959773286563160966e+00
1.484131266409899581e+02 3.349191594203759337e+01 9.880787277913396949e+00
1.484914318867424754e+02 -7.345673314776961504e+00 3.872282971048034206e+00
1.490911625855245006e+02 1.146556589790026592e+01 3.994669613913767847e+00
1.491669514299097443e+02 4.705507410379925481e+00 3.721703184257809216e+00
1.492579289580621662e+02 8.217617263395524674e+00 4.670583672566944067e+00
